0000002B
00000028
000000AB
00000009
000000A0
00000088
00000023
0000002A
000000F2
0000007A
00000059
00000073
0000003D
00000047
0000001E
0000006D
000000EF
000000A8
000000B6
000000DB
000000D4
0000007C
000000CA
00000011
0000006D
00000011
000000DB
000000CA
0000004E
0000005F
00000084
0000004E
000000EA
000000B5
00000031
0000007F
000000AC
00000019
00000028
00000057
000000D0
000000C9
000000E1
000000B6
00000000
00000000
00000000
00000000
00000000
00000000
00000000
00000000
00000000
00000000
00000000
00000000
00000000
00000000
00000000
00000000
00000000
00000000
00000000
00000000
00000000
00000000
00000000
00000000
00000000
00000000
00000000
00000000
00000000
00000000
00000000
00000000
00000000
00000000
00000000
00000000
00000000
00000000
00000000
00000000
00000000
00000000
00000000
00000000
00000000
00000000
00000000
00000000
00000000
00000000
00000000
00000000
00000000
00000000
00000000
00000000
00000000
00000000
00000000
00000000
00000000
00000000
00000000
00000000
00000000
00000000
00000000
00000000
00000000
00000000
00000000
00000000
00000000
00000000
00000000
00000000
0000007E
000000AE
000000F7
000000CF
000000FA
00000054
000000A3
0000006C
000000C2
00000096
00000035
00000059
00000080
00000016
00000023
0000007A
00000044
00000052
00000071
0000000B
000000D1
00000083
000000F2
000000F9
00000088
0000000B
000000F9
00000000
00000054
0000005F
000000A6
000000A6
000000D2
0000008D
0000002B
0000008D
00000077
000000FA
000000D1
0000005C
00000014
000000EE
0000003F
00000063
00000000
00000000
00000000
00000000
00000000
00000000
00000000
00000000
00000000
00000000
00000000
00000000
00000000
00000000
00000000
00000000
00000000
00000000
00000000
00000000
00000000
00000000
00000000
00000000
00000000
00000000
00000000
00000000
00000000
00000000
00000000
00000000
00000000
00000000
00000000
00000000
00000000
00000000
00000000
00000000
00000000
00000000
00000000
00000000
00000000
00000000
00000000
00000000
00000000
00000000
00000000
00000000
00000000
00000000
00000000
00000000
00000000
00000000
00000000
00000000
00000000
00000000
00000000
00000000
00000000
00000000
00000000
00000000
00000000
00000000
00000000
00000000
00000000
00000000
00000000
00000000
00000015
000000D2
00000015
0000004F
000000FE
0000002C
00000039
00000076
00000095
000000B9
00000080
000000F6
00000047
000000FE
0000007E
00000088
000000A5
0000005B
00000025
000000AD
000000C6
0000009D
000000B8
00000015
000000A3
0000003E
00000086
00000093
000000F7
000000C9
0000004F
000000DC
00000073
000000BA
000000F5
00000029
00000066
000000DC
00000029
00000000
000000F9
00000025
0000000C
0000000C
00000000
00000000
00000000
00000000
00000000
00000000
00000000
00000000
00000000
00000000
00000000
00000000
00000000
00000000
00000000
00000000
00000000
00000000
00000000
00000000
00000000
00000000
00000000
00000000
00000000
00000000
00000000
00000000
00000000
00000000
00000000
00000000
00000000
00000000
00000000
00000000
00000000
00000000
00000000
00000000
00000000
00000000
00000000
00000000
00000000
00000000
00000000
00000000
00000000
00000000
00000000
00000000
00000000
00000000
00000000
00000000
00000000
00000000
00000000
00000000
00000000
00000000
00000000
00000000
00000000
00000000
00000000
00000000
00000000
00000000
00000000
00000000
00000000
00000000
00000000
00000000
00000016
000000A6
00000088
0000003C
00000017
000000B1
00000039
00000005
000000F2
00000043
0000007A
0000007F
0000007D
0000003E
00000044
0000003B
00000041
0000007F
0000003B
00000000
000000F8
00000087
000000BC
000000BC
0000007A
000000FD
00000041
000000FD
0000000E
000000F3
000000B2
0000004F
00000021
000000D2
00000060
0000002F
000000F3
00000021
00000041
0000006E
000000A8
00000089
000000C8
000000A6
00000000
00000000
00000000
00000000
00000000
00000000
00000000
00000000
00000000
00000000
00000000
00000000
00000000
00000000
00000000
00000000
00000000
00000000
00000000
00000000
00000000
00000000
00000000
00000000
00000000
00000000
00000000
00000000
00000000
00000000
00000000
00000000
00000000
00000000
00000000
00000000
00000000
00000000
00000000
00000000
00000000
00000000
00000000
00000000
00000000
00000000
00000000
00000000
00000000
00000000
00000000
00000000
00000000
00000000
00000000
00000000
00000000
00000000
00000000
00000000
00000000
00000000
00000000
00000000
00000000
00000000
00000000
00000000
00000000
00000000
00000000
00000000
00000000
00000000
00000000
00000000
